[cosmological_parameters]
omega_m      =  0.1     0.3     0.9
h0           =  0.55    0.69    0.91
omega_b      =  0.03    0.048   0.07
n_s          =  0.87    0.97    1.07
w            =  -1.0
A_s	     = 2.1e-9 ;placeholder, doesn't matter as sigma8 will be rescaled to match the cosmolike input
sigma8_input = 0.82355

;S_8          =  0.7    0.8256338136297622   0.84
; Old parameter names from original cosmosis version
; omnuh2       =  0.0006  0.00083 0.00644
; massive_nu   =  3
; massless_nu  =  0.046

; New parametrization and names:
mnu = 0.0
num_massive_neutrinos = 0
nnu = 3.046

omega_k      =  0.0
tau          =  0.0697186

[shear_calibration_parameters]
m1 = -0.1  0.0  0.1
m2 = -0.1  0.0  0.1 
m3 = -0.1  0.0  0.1
m4 = -0.1  0.0  0.1

[wl_photoz_errors]
bias_1 = -0.1   0.0   0.1
bias_2 = -0.1   0.0   0.1
bias_3 = -0.1   0.0   0.1
bias_4 = -0.1   0.0   0.1

[intrinsic_alignment_parameters]
z_piv   =  0.62
A1      = -5.0   0.0  5.0
A2      = -5.0  0.0  5.0 
alpha1  = -5.0  0.0   5.0
alpha2  = -5.0  0.0  5.0
bias_ta =  0.0   0.0  2.0
